max.iter <- 500

norm.sum.crit.delta
[1] 0.001955695 0.018891032 0.022762539 0.037542611 0.045969926 0.050803964 0.054985735 0.051146908 0.056902513 0.046488894
[11] 0.045613882 0.044503549 0.046807455 0.044863784 0.043796064 0.051137562 0.053236816 0.055724232 0.068872060 0.071771816
[21] 0.072592213 0.075431798 0.083175722 0.083383295 0.085203960 0.085354003 0.091656928 0.092990419 0.094909383 0.101610070
[31] 0.099166031 0.099926352 0.110354295 0.112073037 0.113711576 0.119570196 0.117293077 0.118885918 0.122921166 0.124045536
[41] 0.125535696 0.126940703 0.130973934 0.131610363 0.130999617 0.137787334 0.138570205 0.138197883 0.140933537 0.140475872
[51] 0.139076543 0.137297344 0.139960944 0.140972582 0.141609139 0.142681148 0.144047938 0.144807273 0.144447307 0.143177344
[61] 0.147776323 0.149674897 0.150572150 0.150770027 0.151359446 0.154420642 0.155075732 0.155474666 0.156014030 0.158366338
[71] 0.158918595 0.159572049 0.159647443 0.162159447 0.160656520 0.164927380 0.165085355 0.165305344 0.165710990 0.166078118
[81] 0.166632064 0.167029199 0.169271291 0.169870879 0.170190437 0.169864209 0.170393476 0.170952720 0.174017400 0.174100360
[91] 0.173820430 0.175501513 0.176057464 0.176359112 0.176586873 0.178031491 0.178403234 0.178584276 0.179076729 0.180804107
[101] 0.181365978 0.181619434 0.181922655 0.184628147 0.186203544 0.186830855 0.186715876 0.186993307 0.187148372 0.188730029
[111] 0.188432398 0.188880066 0.188161165 0.189839867 0.190227938 0.190415704 0.192152098 0.192103620 0.191933256 0.192128831
[121] 0.193581872 0.193231887 0.195619187 0.195761559 0.195966855 0.197660453 0.198068736 0.198270090 0.198464972 0.198762013
[131] 0.198863816 0.198884435 0.200014404 0.199411263 0.199315051 0.199667163 0.201055790 0.200807392 0.200970536 0.201193138
[141] 0.203285562 0.203368651 0.203704246 0.203734546 0.203831789 0.204523256 0.204666552 0.204971081 0.205507401 0.205528761
[151] 0.205091230 0.204740366 0.205430668 0.205396584 0.205490665 0.205256804 0.205747791 0.205852588 0.206134033 0.207926064
[161] 0.207702877 0.208697571 0.208726149 0.208935262 0.209025252 0.209969376 0.210041417 0.210212404 0.209897818 0.209221745
[171] 0.209382146 0.209456794 0.208994610 0.209096159 0.209321884 0.210586677 0.210554156 0.211803871 0.211604975 0.211698416
[181] 0.211603610 0.212433591 0.212461116 0.212412193 0.212337094 0.213315674 0.213435021 0.213646947 0.213567754 0.214628797
[191] 0.214832265 0.214349028 0.214546684 0.215520369 0.215468469 0.216754929 0.216181386 0.216233064 0.216805174 0.216477035
[201] 0.216551526 0.216580678 0.215925428 0.215987868 0.216061497 0.215956349 0.216151200 0.216234701 0.216273720 0.216295572
[211] 0.216386408 0.216357816 0.217402184 0.217568028 0.217283785 0.217417860 0.217388285 0.217181848 0.216782722 0.216824636
[221] 0.216996515 0.217073220 0.216262847 0.216286963 0.216320708 0.217087700 0.217286488 0.216811122 0.216874826 0.216605814
[231] 0.217259211 0.217451132 0.217474631 0.217410175 0.217094571 0.216961766 0.216679059 0.217167898 0.217323330 0.217390184
[241] 0.217200369 0.217460156 0.217616633 0.217289861 0.217366547 0.216522444 0.216517602 0.216481818 0.217539938 0.217683661
[251] 0.218315005 0.218297608 0.218422608 0.218510722 0.218482068 0.218495317 0.218307460 0.218276016 0.218177366 0.218096127
[261] 0.218010368 0.218263550 0.218023885 0.217801800 0.218752462 0.218879468 0.218797410 0.218650272 0.218761929 0.218753330
[271] 0.218513862 0.218494210 0.218541639 0.217532969 0.217257297 0.217311550 0.217431285 0.218071292 0.218132259 0.218238085
[281] 0.218361419 0.218467243 0.218511502 0.218625860 0.219541163 0.219640220 0.219843474 0.219238972 0.219269721 0.219290373
[291] 0.219469786 0.219576669 0.219671829 0.219563484 0.219820824 0.219883141 0.219953098 0.219751555 0.219890730 0.219994651
[301] 0.220815975 0.220826825 0.220763973 0.221075649 0.221145111 0.221170816 0.221212682 0.221784330 0.221909026 0.221892751
[311] 0.222109220 0.222087829 0.222063399 0.222156055 0.222219092 0.222204426 0.222069194 0.222164522 0.222878229 0.223605581
[321] 0.223693443 0.223724919 0.223824102 0.224342551 0.224363270 0.224462302 0.224403370 0.224414999 0.224344646 0.224106117
[331] 0.224275759 0.224380153 0.224413833 0.224507954 0.224594239 0.224645885 0.224679156 0.225367039 0.225454397 0.225717461
[341] 0.225727988 0.225777025 0.225819829 0.226225412 0.226208535 0.226119967 0.226210291 0.226253529 0.225995162 0.226068890
[351] 0.226108744 0.226228302 0.226271399 0.226355200 0.227021377 0.227054229 0.226728053 0.226734561 0.226750451 0.226788469
[361] 0.225922360 0.225999572 0.225956442 0.226212607 0.226171948 0.226188839 0.226154283 0.225323729 0.225309373 0.225392813
[371] 0.225427399 0.225661357 0.225673651 0.226314858 0.226239298 0.226155933 0.226467422 0.226548536 0.226339957 0.226577148
[381] 0.226634031 0.226621980 0.226655010 0.227002374 0.227080566 0.227113395 0.227182234 0.227799040 0.227837822 0.227838826
[391] 0.228448427 0.228493762 0.227916317 0.227991726 0.227919598 0.228521332 0.228581146 0.228611496 0.228509263 0.228916966
[401] 0.228948215 0.228978946 0.229052236 0.229109551 0.228941954 0.229014463 0.229074114 0.229286288 0.229098349 0.229322710
[411] 0.229335891 0.229405221 0.229581616 0.229612470 0.229660551 0.229721974 0.230265721 0.230166393 0.230219656 0.230477204
[421] 0.230469807 0.230535723 0.230594857 0.231034675 0.231061892 0.231131729 0.231650602 0.231682397 0.231692902 0.231368843
[431] 0.231435137 0.231501562 0.231532575 0.232068960 0.232136123 0.232162792 0.232156608 0.232503577 0.232562335 0.232572757
[441] 0.232482155 0.232552381 0.232491656 0.232339407 0.232348958 0.232842718 0.232892411 0.232866561 0.232893085 0.232948250
[451] 0.233011671 0.232990997 0.233071191 0.233111730 0.233173932 0.233170578 0.233381523 0.233442238 0.233461854 0.233474242
[461] 0.233602318 0.233528754 0.233529340 0.233985737 0.234043237 0.234026774 0.234054776 0.234089613 0.234150007 0.234521519
[471] 0.234550772 0.234579991 0.234636143 0.234868235 0.234887233 0.234941917 0.234998605 0.234994258 0.235129098 0.235187788
[481] 0.235608267 0.235631734 0.235680861 0.235738006 0.235708301 0.235662653 0.235277399 0.235164524 0.235213743 0.235145349
[491] 0.234669342 0.234646561 0.234839001 0.234848542 0.234864853 0.234909418 0.234950818 0.234940953 0.235379175 0.235334762

plot(seq(1:max.iter),norm.sum.crit.delta  , type = "p",ylim=c(0,0.3),xlab="iter",ylab= bquote ( paste("Norm.Criterion ", delta)) ,pch=16,col="blue")
abline(h=max(norm.sum.crit.delta ),lty=2,col="red")

max(norm.sum.crit.delta)



quanDelta <-  c(0.25,0.5,0.75,0.9,0.95)
quanDelta



earlyiterdelta <- numeric(length(quanDelta))
for(i in 1:length(quanDelta)){
  earlyiterdelta[i] <- which(norm.sum.crit.delta >= max(norm.sum.crit.delta)*quanDelta[i])[1]
}
earlyiterdelta
[1]  19  36  96 182 324

